topic9=50.7719439,12.4278233
topic157=50.6806244,12.3500211
